estado = [0.7071067811865475, 0.7071067811865475]
prob0 = 0.4999999999999999
